66
101
110
118
101
110
117
116
111
32
97
108
108
39
73
84
84
83
32
80
97
115
99
97
108
32
67
80
85
45
69
109
117
108
97
116
105
111
110
32
67
104
97
108
108
101
110
103
101
33


82
105
99
111
114
100
97
116
105
32
100
105
32
115
101
103
110
97
108
97
114
101
32
105
32
116
117
111
105
32
112
114
111
103
114
101
115
115
105
32
115
117
32
67
108
97
115
115
114
111
111
109


114
105
112
111
114
116
97
110
100
111
32
105
32
99
111
100
105
99
105
32
99
111
109
101
32
113
117
101
115
116
111
58
32

66
101
110
118
101
110
117
116
111
32
97
108
108
39
73
84
84
83
32
80
97
115
99
97
108
32
67
80
85
45
69
109
117
108
97
116
105
111
110
32
67
104
97
108
108
101
110
103
101
33

82
105
99
111
114
100
97
116
105
32
100
105
32
115
101
103
110
97
108
97
114
101
32
105
32
116
117
111
105
32
112
114
111
103
114
101
115
115
105
32
115
117
32
67
108
97
115
115
114
111
111
109

114
105
112
111
114
116
97
110
100
111
32
105
32
99
111
100
105
99
105
32
99
111
109
101
32
113
117
101
115
116
111
58
32
100
88
77
75
111
112
122
78
87
115
121
76


69
115
101
99
117
122
105
111
110
101
32
100
101
108
108
39
97
117
116
111
45
116
101
115
116
46
46
46

391
106
109
112
32
102
97
105
108
115

497
106
109
112
32
108
97
110
100
115
32
45
50


106
109
112
32
108
97
110
100
115
32
45
49


106
109
112
32
108
97
110
100
115
32
43
49


106
109
112
32
108
97
110
100
115
32
43
50




32768608
110
111
32
97
100
100
32
111
112

32769634
110
111
32
101
113
32
111
112

32768728
110
111
32
98
105
116
119
105
115
101
32
111
114



985
1022
119
109
101
109
32
111
112
119
114
105
116
101
32
102
97
105
108

2778
110
111
32
106
116
47
106
102


110
111
110
122
101
114
111
32
114
101
103


110
111
32
115
101
116
32
111
112


110
111
32
103
116
32
111
112


110
111
32
115
116
97
99
107


110
111
32
98
105
116
119
105
115
101
32
97
110
100
110
111
32
98
105
116
119
105
115
101
32
110
111
116
110
111
32
114
109
101
109
32
111
112
110
111
32
119
109
101
109
32
111
112
110
111
32
99
97
108
108
32
111
112
110
111
32
109
111
100
117
108
111
32
109
97
116
104
32
100
117
114
105
110
103
32
97
100
100
32
111
114
32
109
117
108
116
110
111
116
32
104
105
116
99
104
104
105
107
105
110
103
110
111
32
109
117
108
116
32
111
112
110
111
32
109
111
100
32
111
112
61
61
32
61
61
67
105
32
115
111
110
111
2045
32
111
112
122
105
111
110
3277
67
39
101
39
32
49
32
111
112
122
105
111
110
101
58